Quadratic program with linear inequality constraints: 
80 decision variables parameterized by 1 variables
47 linear inequalities



OBJECTIVES
Q:[matrix size: 80x80; n_nonzero: 0; density: 0.00%]

C:[matrix size: 80x1; n_nonzero: 1; density: 1.25%]

     (2, 0)        -1.0000

c
   6.0000
        0
        0
        0
        0
        0
        0
        0
        0
        0
        0
        0
        0
        0
        0
        0
        0
        0
        0
        0
        0
        0
        0
        0
        0
        0
        0
        0
        0
        0
        0
        0
        0
        0
        0
        0
        0
        0
        0
        0
        0
        0
        0
        0
        0
        0
        0
        0
        0
        0
        0
        0
        0
        0
        0
        0
        0
        0
        0
        0
        0
        0
        0
        0
        0
        0
        0
        0
        0
        0
        0
        0
        0
        0
        0
        0
        0
        0
        0
        0


CONSTRAINTS
A:[matrix size: 47x1; n_nonzero: 0; density: 0.00%]

B:[matrix size: 47x80; n_nonzero: 214; density: 5.69%]

    (24, 0)        -1.0000e+00
    (25, 0)         1.0000e+00
    (43, 0)        -1.0000e+00
    (44, 0)        -3.0000e-01
    (45, 0)         1.0000e+00
    (46, 0)         1.0000e+00
    (26, 1)        -1.0000e+00
    (27, 1)         1.0000e+00
    (43, 1)        -1.0000e+00
    (28, 2)        -1.0000e+00
    (29, 2)         1.0000e+00
    (43, 2)         1.0000e+00
    (30, 3)        -1.0000e+00
    (31, 3)         1.0000e+00
    (46, 3)        -1.0000e+00
    (32, 4)        -1.0000e+00
    (33, 4)         1.0000e+00
    (42, 4)         1.0000e+00
    (34, 5)        -1.0000e+00
    (35, 5)         1.0000e+00
    (36, 6)        -1.0000e+00
    (37, 6)         1.0000e+00
    (44, 6)        -1.0000e+00
    (38, 7)        -1.0000e+00
    (39, 7)         1.0000e+00
    (44, 7)        -1.0000e+00
     (0, 8)         3.0000e-01
     (1, 8)        -1.0000e+00
     (2, 8)        -1.0000e+00
    (24, 8)         1.0000e+00
    (25, 8)        -1.0000e+00
    (24, 9)         1.0000e+00
    (25, 9)        -1.0000e+00
    (24, 10)        1.0000e+00
    (25, 10)       -1.0000e+00
     (2, 11)        1.0000e+00
    (24, 11)        1.0000e+00
    (25, 11)       -1.0000e+00
    (24, 12)        1.0000e+00
    (25, 12)       -1.0000e+00
    (24, 13)        1.0000e+00
    (25, 13)       -1.0000e+00
     (0, 14)        1.0000e+00
    (24, 14)        1.0000e+00
    (25, 14)       -1.0000e+00
     (0, 15)        1.0000e+00
    (24, 15)        1.0000e+00
    (25, 15)       -1.0000e+00
     (3, 16)        3.0000e-01
     (4, 16)       -1.0000e+00
    (26, 16)        1.0000e+00
    (27, 16)       -1.0000e+00
    (26, 17)        1.0000e+00
    (27, 17)       -1.0000e+00
    (26, 18)        1.0000e+00
    (27, 18)       -1.0000e+00
    (26, 19)        1.0000e+00
    (27, 19)       -1.0000e+00
    (26, 20)        1.0000e+00
    (27, 20)       -1.0000e+00
    (26, 21)        1.0000e+00
    (27, 21)       -1.0000e+00
     (3, 22)        1.0000e+00
    (26, 22)        1.0000e+00
    (27, 22)       -1.0000e+00
     (3, 23)        1.0000e+00
     (5, 23)        1.0000e+00
    (26, 23)        1.0000e+00
    (27, 23)       -1.0000e+00
     (6, 24)        3.0000e-01
     (8, 24)       -1.0000e+00
    (28, 24)        1.0000e+00
    (29, 24)       -1.0000e+00
     (7, 25)        1.0000e+00
    (28, 25)        1.0000e+00
    (29, 25)       -1.0000e+00
    (28, 26)        1.0000e+00
    (29, 26)       -1.0000e+00
     (8, 27)        1.0000e+00
    (28, 27)        1.0000e+00
    (29, 27)       -1.0000e+00
    (28, 28)        1.0000e+00
    (29, 28)       -1.0000e+00
    (28, 29)        1.0000e+00
    (29, 29)       -1.0000e+00
     (6, 30)        1.0000e+00
    (28, 30)        1.0000e+00
    (29, 30)       -1.0000e+00
     (6, 31)        1.0000e+00
    (28, 31)        1.0000e+00
    (29, 31)       -1.0000e+00
     (9, 32)        3.0000e-01
    (30, 32)        1.0000e+00
    (31, 32)       -1.0000e+00
    (10, 33)        1.0000e+00
    (30, 33)        1.0000e+00
    (31, 33)       -1.0000e+00
    (30, 34)        1.0000e+00
    (31, 34)       -1.0000e+00
    (30, 35)        1.0000e+00
    (31, 35)       -1.0000e+00
    (30, 36)        1.0000e+00
    (31, 36)       -1.0000e+00
    (30, 37)        1.0000e+00
    (31, 37)       -1.0000e+00
     (9, 38)        1.0000e+00
    (30, 38)        1.0000e+00
    (31, 38)       -1.0000e+00
     (9, 39)        1.0000e+00
    (11, 39)        1.0000e+00
    (30, 39)        1.0000e+00
    (31, 39)       -1.0000e+00
    (12, 40)        1.0000e+00
    (13, 40)       -1.0000e+00
    (14, 40)       -1.0000e+00
    (32, 40)        1.0000e+00
    (33, 40)       -1.0000e+00
    (32, 41)        1.0000e+00
    (33, 41)       -1.0000e+00
    (32, 42)        1.0000e+00
    (33, 42)       -1.0000e+00
    (14, 43)        1.0000e+00
    (32, 43)        1.0000e+00
    (33, 43)       -1.0000e+00
    (32, 44)        1.0000e+00
    (33, 44)       -1.0000e+00
    (32, 45)        1.0000e+00
    (33, 45)       -1.0000e+00
    (32, 46)        1.0000e+00
    (33, 46)       -1.0000e+00
    (32, 47)        1.0000e+00
    (33, 47)       -1.0000e+00
    (15, 48)        1.0000e+00
    (16, 48)       -1.0000e+00
    (34, 48)        1.0000e+00
    (35, 48)       -1.0000e+00
    (34, 49)        1.0000e+00
    (35, 49)       -1.0000e+00
    (34, 50)        1.0000e+00
    (35, 50)       -1.0000e+00
    (34, 51)        1.0000e+00
    (35, 51)       -1.0000e+00
    (34, 52)        1.0000e+00
    (35, 52)       -1.0000e+00
    (34, 53)        1.0000e+00
    (35, 53)       -1.0000e+00
    (34, 54)        1.0000e+00
    (35, 54)       -1.0000e+00
    (17, 55)        1.0000e+00
    (34, 55)        1.0000e+00
    (35, 55)       -1.0000e+00
    (18, 56)        1.0000e+00
    (20, 56)       -1.0000e+00
    (36, 56)        1.0000e+00
    (37, 56)       -1.0000e+00
    (19, 57)        1.0000e+00
    (36, 57)        1.0000e+00
    (37, 57)       -1.0000e+00
    (36, 58)        1.0000e+00
    (37, 58)       -1.0000e+00
    (20, 59)        1.0000e+00
    (36, 59)        1.0000e+00
    (37, 59)       -1.0000e+00
    (36, 60)        1.0000e+00
    (37, 60)       -1.0000e+00
    (36, 61)        1.0000e+00
    (37, 61)       -1.0000e+00
    (36, 62)        1.0000e+00
    (37, 62)       -1.0000e+00
    (36, 63)        1.0000e+00
    (37, 63)       -1.0000e+00
    (21, 64)        1.0000e+00
    (38, 64)        1.0000e+00
    (39, 64)       -1.0000e+00
    (22, 65)        1.0000e+00
    (38, 65)        1.0000e+00
    (39, 65)       -1.0000e+00
    (38, 66)        1.0000e+00
    (39, 66)       -1.0000e+00
    (38, 67)        1.0000e+00
    (39, 67)       -1.0000e+00
    (38, 68)        1.0000e+00
    (39, 68)       -1.0000e+00
    (38, 69)        1.0000e+00
    (39, 69)       -1.0000e+00
    (38, 70)        1.0000e+00
    (39, 70)       -1.0000e+00
    (23, 71)        1.0000e+00
    (38, 71)        1.0000e+00
    (39, 71)       -1.0000e+00
     (0, 72)        1.1500e+02
     (1, 72)       -1.0000e+03
    (40, 72)        1.0000e+00
    (41, 72)       -1.0000e+00
     (3, 73)        1.1500e+02
     (4, 73)       -1.0000e+03
    (40, 73)        1.0000e+00
    (41, 73)       -1.0000e+00
     (6, 74)        1.1500e+02
    (40, 74)        1.0000e+00
    (41, 74)       -1.0000e+00
     (9, 75)        1.1500e+02
    (40, 75)        1.0000e+00
    (41, 75)       -1.0000e+00
    (13, 76)       -1.0000e+03
    (40, 76)        1.0000e+00
    (41, 76)       -1.0000e+00
    (16, 77)       -1.0000e+03
    (40, 77)        1.0000e+00
    (41, 77)       -1.0000e+00
    (40, 78)        1.0000e+00
    (41, 78)       -1.0000e+00
    (40, 79)        1.0000e+00
    (41, 79)       -1.0000e+00

b
            0
            0
            0
            0
            0
            0
            0
            0
            0
            0
            0
            0
            0
            0
            0
            0
            0
            0
            0
            0
            0
            0
            0
            0
            0
            0
            0
            0
            0
            0
            0
            0
            0
            0
            0
            0
            0
            0
            0
            0
   1.0000e+00
  -1.0000e+00
   1.0000e+01
            0
  -1.1500e+02
   1.0000e+03
            0
